0011010'1000010 011111110 1110100110001111101111010101010001110 100111110 000111110001011010
1011011111010111 001000111111100011 100111011010 10001011100010101110 11111011101100 111011110 0110011110 11001 (0110011110 11001)
11111 011011011100010001 110101111000000000110011001000001001111001'1110 001111011111111001 11001'0000 1001110111100101110010011001011110101 1111001101
1011011111010111 001111110101110001011000111'1001 101010101001 100111011110011110 011011000111100000 111110111101101 111101001110110101000 1010110111101101
11001 0010101011111101001 0011111110111011111111 100101000010001 1011011111010111 11011111100011 11001'0000 01101010010000111001011110101
10101111101001100111111 00001111100100010 1011011111010111 1011101110110001010001110100111111011101100
01110100010110101000 10101111100111011111111 1010111001001011010 1011011111010111 1011110100
01110100010110101000 10101111100111011111111 00010101001 1011011111010111 011001111000110111
01110100010110101000 10101111100111011111111 1000101110111 1111110001111010111011101100 11111011101100 01100010111001010001001 1011011111010111
01110100010110101000 10101111100111011111111 00001111100100010 1011011111010111 110101000101101
01110100010110101000 10101111100111011111111 111011111101101 1010111110111100110011000101101010
01110100010110101000 10101111100111011111111 100101000010001 11111 000111001010 11111011101100 110111011110001001 1011011111010111